0.9802674651145935
1.1306058168411255
1.3363738059997559
1.1648762226104736
1.1344588994979858
1.2778809070587158
1.3214901685714722
1.2477760314941406
1.145155429840088
1.0572028160095215
1.0100375413894653
1.2685062885284424
1.3219255208969116
1.3539447784423828
1.3830546140670776
1.3487106561660767
1.3373855352401733
1.3970954418182373
1.3299438953399658
1.3361451625823975
1.3378337621688843
1.3184905052185059
1.332431435585022
1.2763972282409668
1.3914239406585693
1.3348157405853271
1.3065569400787354
1.2879133224487305
1.3163180351257324
1.3404743671417236
1.3694401979446411
1.0866742134094238
1.363297462463379
1.3062305450439453
1.354579210281372
1.280004620552063
1.2782623767852783
1.3168965578079224
1.200978398323059
1.3728175163269043
1.3486496210098267
1.3209686279296875
1.3904235363006592
1.3295798301696777
1.3820255994796753
1.2191555500030518
1.2396667003631592
1.359119176864624
1.3547849655151367
1.3389863967895508
1.369212031364441
1.3215126991271973
1.3199808597564697
1.2990220785140991
1.3711621761322021
1.272121787071228
1.3434100151062012
1.3618779182434082
1.162933349609375
1.362022876739502
1.358200192451477
1.38713800907135
1.2063876390457153
1.3308700323104858
1.3403104543685913
1.3050905466079712
1.3287270069122314
1.2697864770889282
1.303491473197937
1.2565172910690308
1.3638991117477417
1.3639978170394897
1.3795298337936401
1.3452657461166382
1.2548550367355347
1.1995891332626343
1.3446977138519287
1.3366694450378418
1.3921147584915161
1.3029649257659912
1.3853302001953125
1.3724792003631592
1.3393607139587402
1.3413962125778198
1.3473321199417114
1.2989073991775513
1.3808536529541016
1.328232765197754
1.3834422826766968
1.28560471534729
1.2694671154022217
1.2318438291549683
1.3209279775619507
1.2693511247634888
1.3104898929595947
1.2823460102081299
1.2265784740447998
1.3221681118011475
1.1999591588974
1.2580125331878662
1.0039818286895752
1.1570014953613281
1.3586541414260864
1.1937065124511719
1.1503583192825317
1.3034930229187012
1.328704833984375
1.2763279676437378
1.1713963747024536
1.0797642469406128
1.0499305725097656
1.2831240892410278
1.3068630695343018
1.344264268875122
1.3784877061843872
1.337443232536316
1.3228291273117065
1.394280195236206
1.321242332458496
1.3006283044815063
1.328575611114502
1.3073527812957764
1.3153263330459595
1.265425682067871
1.388316035270691
1.329805612564087
1.2925218343734741
1.2680553197860718
1.3053162097930908
1.3328135013580322
1.3660778999328613
1.0592213869094849
1.3571473360061646
1.2925599813461304
1.3310058116912842
1.2554422616958618
1.2520873546600342
1.3019124269485474
1.1768159866333008
1.366255760192871
1.3378634452819824
1.3088979721069336
1.3841900825500488
1.3237018585205078
1.3785055875778198
1.2096174955368042
1.219022274017334
1.3540844917297363
1.3432297706604004
1.3264076709747314
1.360265851020813
1.3071718215942383
1.308860421180725
1.276799201965332
1.3597146272659302
1.2568556070327759
1.331674337387085
1.3495441675186157
1.1386271715164185
1.3569221496582031
1.3468607664108276
1.3804320096969604
1.1952553987503052
1.3257629871368408
1.3313508033752441
1.2854682207107544
1.3167784214019775
1.2540333271026611
1.2940289974212646
1.241947889328003
1.35197114944458
1.357055425643921
1.3723297119140625
1.3347057104110718
1.2346690893173218
1.1823893785476685
1.3326060771942139
1.3213289976119995
1.3818060159683228
1.2927041053771973
1.378665566444397
1.3623290061950684
1.3308712244033813
1.3306777477264404
1.3325915336608887
1.2822294235229492
1.3738144636154175
1.309922695159912
1.3773441314697266
1.2778987884521484
1.2597073316574097
1.193833589553833
1.3136639595031738
1.2519891262054443
1.280264973640442
1.261345386505127
1.199741244316101
1.2979069948196411
1.1810894012451172
1.2448506355285645
1.003021240234375
1.1574084758758545
1.358712911605835
1.1916955709457397
1.1504852771759033
1.3025435209274292
1.3287599086761475
1.275756597518921
1.1715381145477295
1.0800029039382935
1.0502291917800903
1.2837449312210083
1.3068941831588745
1.3443191051483154
1.378344178199768
1.3377305269241333
1.3235658407211304
1.3942140340805054
1.321063756942749
1.3015903234481812
1.3290235996246338
1.307318091392517
1.315219521522522
1.2648489475250244
1.3880606889724731
1.330415964126587
1.2924864292144775
1.2682347297668457
1.305113434791565
1.3329564332962036
1.3661870956420898
1.059671401977539
1.3569238185882568
1.2921748161315918
1.3304452896118164
1.2560423612594604
1.2525147199630737
1.3023022413253784
1.1774938106536865
1.3657029867172241
1.3380403518676758
1.3088715076446533
1.3842281103134155
1.323844075202942
1.378223180770874
1.2094923257827759
1.2189488410949707
1.3540053367614746
1.3432544469833374
1.326259970664978
1.360253930091858
1.3079402446746826
1.3091791868209839
1.2762826681137085
1.360008955001831
1.2578731775283813
1.331693172454834
1.3493893146514893
1.1403728723526
1.3569440841674805
1.3469749689102173
1.380401611328125
1.194881796836853
1.325684905052185
1.3310827016830444
1.2858836650848389
1.3168326616287231
1.2537548542022705
1.293959617614746
1.241883397102356
1.3521885871887207
1.3570510149002075
1.3734111785888672
1.3345242738723755
1.2350668907165527
1.1827274560928345
1.332412838935852
1.3211952447891235
1.3816250562667847
1.2937443256378174
1.3788632154464722
1.3622913360595703
1.3307781219482422
1.330369234085083
1.3330785036087036
1.2823747396469116
1.373704433441162
1.3109668493270874
1.3773342370986938
1.2762664556503296
1.2598052024841309
1.1942564249038696
1.3134180307388306
1.2521737813949585
1.2799211740493774
1.261557698249817
1.198251724243164
1.2968077659606934
1.1820632219314575
1.2451553344726562
1.0028399229049683
1.1581506729125977
1.3581620454788208
1.191851019859314
1.1503756046295166
1.3041294813156128
1.3287025690078735
1.2763175964355469
1.1728885173797607
1.0792906284332275
1.049494981765747
1.2834751605987549
1.3066767454147339
1.3440589904785156
1.3784621953964233
1.3375521898269653
1.323755145072937
1.394256591796875
1.3208990097045898
1.2994253635406494
1.32852041721344
1.3076324462890625
1.3155462741851807
1.264066219329834
1.3883459568023682
1.3295934200286865
1.293075680732727
1.2678195238113403
1.305821418762207
1.3327215909957886
1.366167664527893
1.0582438707351685
1.3566116094589233
1.292423963546753
1.3312559127807617
1.2545783519744873
1.2521651983261108
1.3020042181015015
1.177226185798645
1.3659855127334595
1.337654709815979
1.308593511581421
1.3842865228652954
1.3237504959106445
1.3780858516693115
1.2092056274414062
1.2191694974899292
1.354030728340149
1.343314290046692
1.3271132707595825
1.360103964805603
1.3077161312103271
1.3088209629058838
1.2766271829605103
1.3602683544158936
1.2586150169372559
1.3317610025405884
1.3494603633880615
1.1406279802322388
1.3567287921905518
1.3471444845199585
1.3803983926773071
1.195502758026123
1.3253759145736694
1.3310720920562744
1.2848833799362183
1.3170121908187866
1.2541061639785767
1.294053554534912
1.2425106763839722
1.351383090019226
1.3571304082870483
1.3728920221328735
1.3346221446990967
1.2340830564498901
1.182344913482666
1.3319453001022339
1.3210853338241577
1.3820321559906006
1.292808175086975
1.3786954879760742
1.3628095388412476
1.3313089609146118
1.3306710720062256
1.3326737880706787
1.2825424671173096
1.3736958503723145
1.3107826709747314
1.3774082660675049
1.2786779403686523
1.2599858045578003
1.193510890007019
1.3133413791656494
1.252601981163025
1.2799499034881592
1.2613507509231567
1.1994078159332275
1.296878457069397
1.181511640548706
1.2455967664718628
0.9021119475364685
1.1030786037445068
1.1424269676208496
1.122175693511963
1.0930365324020386
1.1808499097824097
1.1520495414733887
1.184549331665039
1.1124902963638306
1.0164965391159058
0.9966575503349304
1.1820396184921265
1.3377653360366821
1.3562544584274292
1.3900272846221924
1.3656715154647827
1.3434758186340332
1.3991848230361938
1.3337867259979248
1.3580294847488403
1.3467037677764893
1.320070743560791
1.347943902015686
1.2892603874206543
1.3948787450790405
1.3463327884674072
1.3233503103256226
1.2994881868362427
1.3272942304611206
1.3503986597061157
1.371461033821106
1.19210684299469
1.3644171953201294
1.3120167255401611
1.3606117963790894
1.294960618019104
1.2849498987197876
1.3194323778152466
1.2467658519744873
1.3778258562088013
1.363835096359253
1.3337749242782593
1.392396092414856
1.3464733362197876
1.3849045038223267
1.2449957132339478
1.2571513652801514
1.359695315361023
1.3614180088043213
1.3444879055023193
1.378948450088501
1.3342093229293823
1.3303039073944092
1.3103829622268677
1.3777438402175903
1.3004200458526611
1.3511642217636108
1.360923171043396
1.222832202911377
1.3633718490600586
1.360119342803955
1.3916528224945068
1.2337924242019653
1.3448266983032227
1.3399537801742554
1.3164623975753784
1.344940185546875
1.283432126045227
1.306787133216858
1.2658737897872925
1.3735381364822388
1.3702930212020874
1.3887968063354492
1.3560330867767334
1.2755228281021118
1.2235761880874634
1.3528783321380615
1.3396013975143433
1.4011036157608032
1.3189443349838257
1.3923743963241577
1.3793737888336182
1.3515589237213135
1.344448447227478
1.3529924154281616
1.3039964437484741
1.3837809562683105
1.3462921380996704
1.3869680166244507
1.3282650709152222
1.2963422536849976
1.2592003345489502
1.3323354721069336
1.2810571193695068
1.3262947797775269
1.3032283782958984
1.2458839416503906
1.3348896503448486
1.2297247648239136
1.2705481052398682
0.9002180695533752
1.1009304523468018
1.3229615688323975
1.1111748218536377
1.0934041738510132
1.2658507823944092
1.3192427158355713
1.2336561679840088
1.1090526580810547
1.0183970928192139
0.9995729327201843
1.2499648332595825
1.3371464014053345
1.3554085493087769
1.3897384405136108
1.3649804592132568
1.3408221006393433
1.3992691040039062
1.3332741260528564
1.3547347784042358
1.345306396484375
1.319863200187683
1.3477028608322144
1.2908003330230713
1.394723892211914
1.3460384607315063
1.3208003044128418
1.300734043121338
1.326319694519043
1.3493214845657349
1.3715729713439941
1.1271023750305176
1.3647651672363281
1.3106646537780762
1.3567966222763062
1.2929089069366455
1.2848520278930664
1.3198730945587158
1.246551513671875
1.3767096996307373
1.3622267246246338
1.332645297050476
1.3919382095336914
1.34451162815094
1.3838410377502441
1.242451548576355
1.2559363842010498
1.3597877025604248
1.3609200716018677
1.3440799713134766
1.3788225650787354
1.3316377401351929
1.3308374881744385
1.3102431297302246
1.3765724897384644
1.300125002861023
1.3506546020507812
1.3607739210128784
1.1742242574691772
1.36295747756958
1.3603426218032837
1.3909645080566406
1.230149269104004
1.3436284065246582
1.340294599533081
1.3137929439544678
1.3436318635940552
1.2833696603775024
1.3092659711837769
1.2672431468963623
1.3728032112121582
1.370095133781433
1.3888596296310425
1.3543051481246948
1.2771693468093872
1.2236523628234863
1.352213740348816
1.3397576808929443
1.3999292850494385
1.318392038345337
1.3911943435668945
1.3782479763031006
1.3537514209747314
1.3445103168487549
1.3505768775939941
1.3030080795288086
1.3838168382644653
1.3467127084732056
1.385955810546875
1.3258954286575317
1.2934097051620483
1.2566853761672974
1.3321609497070312
1.2844939231872559
1.3225679397583008
1.3019059896469116
1.2439411878585815
1.3356587886810303
1.224529504776001
1.2674285173416138
0.7688655257225037
0.7261275053024292
0.9950351119041443
0.7911660671234131
0.9144657850265503
0.9454932808876038
0.933510959148407
0.9293568134307861
0.8387488126754761
0.6402626633644104
0.6554310917854309
0.8670586943626404
1.0668281316757202
1.2900280952453613
1.321293830871582
1.2655293941497803
1.12039053440094
1.2836706638336182
1.1918236017227173
1.0768097639083862
1.1853607892990112
1.2367990016937256
1.2914435863494873
1.0980756282806396
1.3162074089050293
1.130400538444519
1.2845134735107422
1.2280184030532837
1.25174880027771
1.2374120950698853
1.3356995582580566
0.9344610571861267
1.3146874904632568
1.2052677869796753
1.109218716621399
1.1229263544082642
0.9257810711860657
1.1460617780685425
1.1287661790847778
1.3181524276733398
1.285183310508728
1.2564988136291504
1.2480899095535278
1.1716314554214478
1.2513970136642456
1.1361624002456665
1.1094220876693726
1.209349274635315
1.115783929824829
1.202999234199524
1.304616093635559
1.252355694770813
1.1125850677490234
1.1644271612167358
1.188265085220337
1.0957227945327759
1.249127984046936
1.1035603284835815
1.002193570137024
1.0811620950698853
1.063231110572815
1.3354474306106567
1.0964748859405518
1.2971241474151611
1.182277798652649
1.158257007598877
1.2897661924362183
1.1807434558868408
1.117141842842102
1.036693811416626
1.3461217880249023
1.2253330945968628
1.2884687185287476
1.2062259912490845
1.1729921102523804
1.1039084196090698
1.2808500528335571
1.0496559143066406
1.3242583274841309
1.2293486595153809
1.2639987468719482
1.3133167028427124
1.223313570022583
1.1100413799285889
1.1948609352111816
1.1927769184112549
1.2673035860061646
1.2035326957702637
1.2585490942001343
1.1772441864013672
1.1890391111373901
1.091939926147461
1.291061282157898
0.9355164170265198
1.2070183753967285
1.2309552431106567
1.082943081855774
1.1517882347106934
1.0580790042877197
1.2476072311401367
0.8914605379104614
0.9136379361152649
1.141591191291809
1.002864956855774
1.1335093975067139
1.1772507429122925
1.1504656076431274
1.0729480981826782
1.0233325958251953
0.8599076867103577
0.855400800704956
1.170866847038269
1.2920383214950562
1.3891489505767822
1.386265754699707
1.3723509311676025
1.2802283763885498
1.38031005859375
1.3233890533447266
1.3340829610824585
1.3265526294708252
1.3527311086654663
1.3959858417510986
1.3789259195327759
1.3997102975845337
1.3488291501998901
1.3606163263320923
1.3350316286087036
1.3370375633239746
1.37019681930542
1.38481605052948
1.1766704320907593
1.3907374143600464
1.398195505142212
1.3567092418670654
1.3827614784240723
1.2475028038024902
1.296701192855835
1.3062241077423096
1.4038944244384766
1.386501669883728
1.366119146347046
1.3823671340942383
1.357605218887329
1.3667640686035156
1.33553147315979
1.3278852701187134
1.3293428421020508
1.378798007965088
1.378565788269043
1.375146746635437
1.378873586654663
1.316021203994751
1.3571878671646118
1.3823453187942505
1.2888035774230957
1.3790595531463623
1.3013426065444946
1.3355814218521118
1.2378736734390259
1.2506859302520752
1.411197304725647
1.2572121620178223
1.3522393703460693
1.3832392692565918
1.3032145500183105
1.380709171295166
1.2992521524429321
1.3459845781326294
1.33108651638031
1.3970961570739746
1.3618090152740479
1.394202709197998
1.3782926797866821
1.2868958711624146
1.2186118364334106
1.3513752222061157
1.3600447177886963
1.404721975326538
1.335256576538086
1.3992767333984375
1.3730697631835938
1.3798716068267822
1.306620717048645
1.3606864213943481
1.2958122491836548
1.3957562446594238
1.3854607343673706
1.3943533897399902
1.3152170181274414
1.2931320667266846
1.3425037860870361
1.351928472518921
1.2062408924102783
1.353403925895691
1.3717670440673828
1.336688756942749
1.320063591003418
1.31858229637146
1.3742679357528687
