1.070456624031067
1.3407986164093018
0.8513510227203369
1.1662918329238892
1.0107619762420654
0.9434964060783386
1.0134506225585938
1.2635278701782227
1.0916824340820312
1.2182579040527344
1.3811944723129272
1.1648887395858765
0.8691388964653015
1.017964482307434
1.0891555547714233
1.1520285606384277
0.9431315660476685
1.2709108591079712
1.3434462547302246
1.357596516609192
0.8566322326660156
0.9011262655258179
1.157004475593567
0.816616952419281
1.1731162071228027
0.969971239566803
0.8662473559379578
1.022173523902893
1.1654431819915771
1.199471116065979
1.0353144407272339
1.0867787599563599
1.0653400421142578
0.9192253947257996
1.3396015167236328
1.2761527299880981
1.1788299083709717
1.198560357093811
1.2753971815109253
1.2056570053100586
1.1375359296798706
1.1012674570083618
1.114904761314392
0.9623501300811768
1.341504693031311
1.358842372894287
1.3115010261535645
1.3010202646255493
1.0363237857818604
1.477744221687317
0.7088398337364197
1.1848945617675781
1.092375636100769
1.195232629776001
0.7699379324913025
1.1636699438095093
0.9765560626983643
0.8410347700119019
1.0183948278427124
1.073723316192627
0.9717505574226379
1.051612138748169
1.1715447902679443
0.7301190495491028
0.8484137654304504
0.8057479858398438
0.8810251355171204
0.8449094295501709
1.1711184978485107
0.7472723126411438
1.0810632705688477
1.0139565467834473
0.996949315071106
1.049718976020813
1.0268276929855347
1.050874948501587
0.9058813452720642
1.1661031246185303
1.0997145175933838
1.0363543033599854
0.9742158055305481
0.7334488034248352
0.9460852742195129
0.7308217883110046
1.0812880992889404
1.1236755847930908
1.1478766202926636
1.0053982734680176
0.8412606120109558
0.9748292565345764
0.9272480010986328
0.8789209127426147
0.8879608511924744
0.5498334765434265
1.0322221517562866
0.8456453084945679
1.1032397747039795
0.9017770290374756
0.8670851588249207
1.1469422578811646
1.6583261489868164
1.8191817998886108
1.3843063116073608
1.7700811624526978
1.403485894203186
1.64443838596344
1.4202697277069092
1.767109751701355
1.774140477180481
1.551043152809143
1.8468588590621948
1.7428269386291504
1.1044838428497314
1.4860395193099976
1.56084144115448
1.8195241689682007
1.5950047969818115
1.6394953727722168
1.7293826341629028
1.6940304040908813
1.4666978120803833
1.459194540977478
1.772424340248108
1.3794268369674683
1.5819703340530396
1.3531286716461182
1.4462178945541382
1.6685631275177002
1.5169919729232788
1.606740951538086
1.5197126865386963
1.7251914739608765
1.7109323740005493
1.2703039646148682
1.8263236284255981
1.669008731842041
1.5652689933776855
1.6405776739120483
1.7430367469787598
1.6026805639266968
1.6684435606002808
1.6050782203674316
1.637088418006897
1.4070169925689697
1.7416296005249023
1.6376129388809204
1.6340241432189941
1.740999698638916
1.8562747240066528
1.8216909170150757
0.3087029755115509
0.5640622973442078
0.7485732436180115
0.8950973749160767
0.37473607063293457
0.7022187113761902
0.6347938179969788
0.38643378019332886
0.636147141456604
0.5359110832214355
0.540753960609436
0.4941202998161316
0.5739402174949646
0.3322414457798004
0.5459887981414795
0.47213882207870483
0.5328769087791443
0.5372836589813232
0.7872951626777649
0.3535297214984894
0.6425904035568237
0.4499460458755493
0.5050486922264099
0.469529390335083
0.6718397736549377
0.7197539210319519
0.3461805582046509
0.8632292747497559
0.5870810151100159
0.5430184602737427
0.5822244882583618
0.378510445356369
0.5842143893241882
0.45421528816223145
0.48383042216300964
0.48679423332214355
0.8814989924430847
0.7883352041244507
0.5198400616645813
0.6609880924224854
0.4581601619720459
0.6335175633430481
0.5245529413223267
0.18115688860416412
0.738006591796875
0.43417152762413025
0.4464229345321655
0.3933286666870117
0.5498566031455994
0.897140622138977
1.7103766202926636
1.8544765710830688
1.3986560106277466
1.810167908668518
1.4360473155975342
1.6331148147583008
1.4462313652038574
1.8042926788330078
1.8294193744659424
1.580404281616211
1.872262716293335
1.7646077871322632
1.1402314901351929
1.553788185119629
1.654138207435608
1.8573648929595947
1.6578572988510132
1.623807668685913
1.7574865818023682
1.722158670425415
1.5288522243499756
1.5091328620910645
1.794143557548523
1.4098987579345703
1.6188641786575317
1.4050205945968628
1.5806856155395508
1.7082618474960327
1.5731953382492065
1.6516859531402588
1.5759782791137695
1.778167486190796
1.7662255764007568
1.3239494562149048
1.8485424518585205
1.7352012395858765
1.5855940580368042
1.6655714511871338
1.7845033407211304
1.6390726566314697
1.7187961339950562
1.5332341194152832
1.6744917631149292
1.4777491092681885
1.8180488348007202
1.6635265350341797
1.671872854232788
1.7892584800720215
1.9026492834091187
1.8517242670059204
0.28602007031440735
0.4537632167339325
0.7117965817451477
0.8128442764282227
0.3268906772136688
0.6390453577041626
0.6044597029685974
0.33996814489364624
0.44136279821395874
0.47309616208076477
0.47201231122016907
0.44318887591362
0.5035613775253296
0.3112773597240448
0.5145854949951172
0.4392688274383545
0.45709121227264404
0.529482364654541
0.7435173392295837
0.30700376629829407
0.5121512413024902
0.39635172486305237
0.44723427295684814
0.427936851978302
0.6310030221939087
0.6712448596954346
0.3019828200340271
0.8247972726821899
0.554780900478363
0.45459070801734924
0.5553882718086243
0.3409295082092285
0.5552739500999451
0.44527727365493774
0.4296833276748657
0.4403999447822571
0.8113572001457214
0.7640445232391357
0.48054999113082886
0.6199744343757629
0.40068143606185913
0.578544557094574
0.48265352845191956
0.12574350833892822
0.6888073086738586
0.4064667820930481
0.3952585756778717
0.33575916290283203
0.5205894112586975
0.8673290014266968
1.6042639017105103
1.783282995223999
1.3166431188583374
1.756569266319275
1.3668742179870605
1.505580186843872
1.3970882892608643
1.7650303840637207
1.7241854667663574
1.558544397354126
1.8267148733139038
1.6978061199188232
1.0890891551971436
1.3970353603363037
1.5255733728408813
1.785385251045227
1.5611555576324463
1.5814554691314697
1.701805830001831
1.6746326684951782
1.354697346687317
1.3735846281051636
1.7218765020370483
1.342023491859436
1.5678952932357788
1.300061583518982
1.462991714477539
1.6391041278839111
1.4994075298309326
1.5715560913085938
1.541770577430725
1.6939809322357178
1.6430046558380127
1.2335470914840698
1.7932000160217285
1.6650511026382446
1.5570878982543945
1.6309880018234253
1.6937264204025269
1.573070764541626
1.6157063245773315
1.456132411956787
1.6087803840637207
1.2957390546798706
1.7163705825805664
1.621012806892395
1.6128195524215698
1.697529911994934
1.7051515579223633
1.7973262071609497
0.21123406291007996
0.5376334190368652
0.6924657225608826
0.8825917840003967
0.16572639346122742
0.6732787489891052
0.6252251863479614
0.30080661177635193
0.5699279308319092
0.4943464398384094
0.4720749258995056
0.46055665612220764
0.5528205633163452
0.28781214356422424
0.5610812902450562
0.4625932276248932
0.5070570707321167
0.5326749682426453
0.8217039108276367
0.32246825098991394
0.6350513696670532
0.4197370707988739
0.5047910809516907
0.4473775029182434
0.669709324836731
0.7331861853599548
0.25722745060920715
0.8421943783760071
0.5738512277603149
0.4635676145553589
0.5731922388076782
0.2942211925983429
0.5422578454017639
0.4151442348957062
0.3768923282623291
0.3853178322315216
0.8938947319984436
0.7915402054786682
0.5016037225723267
0.6606723666191101
0.4439240097999573
0.6125359535217285
0.5300967693328857
0.07159534096717834
0.7152633666992188
0.36461833119392395
0.3587881028652191
0.2490808069705963
0.4816933572292328
0.8771083950996399
0.37691381573677063
0.8290995359420776
0.39337947964668274
0.5254574418067932
0.6052596569061279
0.5181868076324463
0.6410090327262878
0.7080579996109009
0.5026044845581055
0.7690785527229309
1.093902826309204
0.8660154938697815
0.44038426876068115
0.5496807098388672
0.7352930307388306
0.6158087849617004
0.5041536092758179
0.706567645072937
0.8475630879402161
1.0963969230651855
0.4348955452442169
0.4663441479206085
0.6066729426383972
0.2875262498855591
0.6988078951835632
0.5168481469154358
0.34460705518722534
0.5115450620651245
0.6178848147392273
0.7290115356445312
0.5755999088287354
0.5475372076034546
0.44820165634155273
0.49746471643447876
1.0738346576690674
0.706899106502533
0.5821316242218018
0.8394748568534851
1.1145001649856567
0.5553543567657471
0.5629080533981323
0.5528152585029602
0.475884348154068
0.503665566444397
0.7857257127761841
1.0826880931854248
0.7991095781326294
0.86585932970047
0.36866554617881775
1.1051201820373535
1.0936075448989868
1.4756261110305786
1.5059709548950195
1.4764851331710815
1.0338054895401
1.4540605545043945
1.105680227279663
1.0986486673355103
1.3110798597335815
1.4106993675231934
1.1329865455627441
1.3932830095291138
1.4384413957595825
1.0346704721450806
1.067795753479004
1.097239375114441
1.0797605514526367
1.0748724937438965
1.3474575281143188
1.0940254926681519
1.3843343257904053
1.398813247680664
1.307605504989624
1.3793623447418213
1.3322755098342896
1.3755123615264893
1.3827823400497437
1.4713382720947266
1.3896198272705078
1.371340036392212
1.304426908493042
1.0740069150924683
1.08294677734375
1.0100460052490234
1.3515558242797852
1.4475023746490479
1.419111728668213
1.293936848640442
1.093274474143982
1.258304476737976
1.0806825160980225
1.100513219833374
1.060996413230896
0.7898989915847778
1.340236783027649
1.0641947984695435
1.3939497470855713
1.0361796617507935
1.0859715938568115
1.3676345348358154
0.4622034430503845
0.8981034755706787
0.45026156306266785
0.6291495561599731
0.6572613716125488
0.5841148495674133
0.6814922094345093
0.7746160626411438
0.5860185623168945
0.8304324746131897
0.8808422088623047
0.9417781233787537
0.49321869015693665
0.593959391117096
0.7850624322891235
0.7089189887046814
0.5442420840263367
0.7982032895088196
0.9223748445510864
0.7401652932167053
0.48992881178855896
0.5119138360023499
0.6943872570991516
0.33002969622612
0.7468149065971375
0.5748871564865112
0.41738152503967285
0.5847995281219482
0.6734179258346558
0.7772451639175415
0.6286855340003967
0.607888400554657
0.5213942527770996
0.5526723265647888
0.7785038352012634
0.7798551321029663
0.6433424949645996
0.8840816020965576
0.9337292909622192
0.5971978306770325
0.6354752779006958
0.6177389025688171
0.5378762483596802
0.5699557662010193
0.8629119396209717
0.9467855095863342
0.8557640314102173
0.9245525598526001
0.5287476181983948
0.994804322719574
1.1475534439086914
1.4431424140930176
1.4535579681396484
1.4479438066482544
1.1143723726272583
1.4051769971847534
1.2127649784088135
1.149582028388977
1.2783321142196655
1.3631776571273804
1.2829632759094238
1.3489949703216553
1.4117752313613892
1.121291160583496
1.1116583347320557
1.1525954008102417
1.1049060821533203
1.1190627813339233
1.3091812133789062
1.0903478860855103
1.3564939498901367
1.3506975173950195
1.2760450839996338
1.340782880783081
1.2966883182525635
1.3437896966934204
1.3250051736831665
1.4470365047454834
1.3556181192398071
1.3051351308822632
1.2531745433807373
1.0362602472305298
1.1993849277496338
1.0655834674835205
1.293704628944397
1.406481146812439
1.3880915641784668
1.2636804580688477
1.0662150382995605
1.2302287817001343
1.1596654653549194
1.1716631650924683
1.156172513961792
1.0603662729263306
1.304343342781067
1.116834282875061
1.3388957977294922
1.14974844455719
1.1779826879501343
1.3395872116088867
0.3768583834171295
0.8316711783409119
0.3939584791660309
0.5294023156166077
0.6053799390792847
0.5185509920120239
0.6427894234657288
0.7088953256607056
0.506305456161499
0.7689058780670166
0.7846319079399109
0.868556797504425
0.44038426876068115
0.5521465539932251
0.7352930307388306
0.616134762763977
0.5045855641365051
0.7082715630531311
0.8475630879402161
0.6718391180038452
0.4348955452442169
0.4679710566997528
0.6087989807128906
0.2873164713382721
0.6988692879676819
0.5168481469154358
0.34460705518722534
0.5128483176231384
0.6178848147392273
0.727686882019043
0.5773294568061829
0.5478363037109375
0.44661328196525574
0.49786069989204407
0.7146009206771851
0.710689127445221
0.5844338536262512
0.8394748568534851
0.884520411491394
0.5553543567657471
0.5636627674102783
0.5616697669029236
0.475884348154068
0.503665566444397
0.7876076698303223
0.8831847310066223
0.7991095781326294
0.86585932970047
0.3724243640899658
0.9289080500602722
1.2703205347061157
1.508502721786499
1.537038803100586
1.498947262763977
1.2224278450012207
1.4859424829483032
1.2742279767990112
1.2191243171691895
1.3431872129440308
1.4325332641601562
1.3711857795715332
1.430704116821289
1.4609804153442383
1.2010139226913452
1.1881585121154785
1.2369498014450073
1.1717361211776733
1.1819491386413574
1.376970887184143
1.207762598991394
1.410428524017334
1.4319676160812378
1.3315730094909668
1.4146136045455933
1.3609672784805298
1.392945647239685
1.4111778736114502
1.4938023090362549
1.4200876951217651
1.4108808040618896
1.334115743637085
1.1030489206314087
1.2626795768737793
1.14751136302948
1.4035000801086426
1.4755803346633911
1.444231390953064
1.314711093902588
1.1159759759902954
1.2799686193466187
1.244066596031189
1.2328976392745972
1.2308026552200317
1.1984224319458008
1.3663959503173828
1.1938292980194092
1.4435992240905762
1.245559573173523
1.2535765171051025
1.393501877784729
0.37433552742004395
0.8321479558944702
0.3922772705554962
0.5292994379997253
0.601395845413208
0.517149806022644
0.6384875774383545
0.7062843441963196
0.5081843137741089
0.7678917646408081
0.777523934841156
0.8711023926734924
0.44190138578414917
0.5541858077049255
0.7372056245803833
0.620423436164856
0.5023224949836731
0.7104939222335815
0.8485864400863647
0.6639412045478821
0.4363895356655121
0.46835407614707947
0.6025860905647278
0.2875652015209198
0.7081975340843201
0.5156038999557495
0.35111203789711
0.5176225304603577
0.6135488748550415
0.7308477759361267
0.573231041431427
0.5486173629760742
0.4486013948917389
0.5014886856079102
0.7110254168510437
0.7010965347290039
0.5800458788871765
0.8266635537147522
0.8864791393280029
0.5634111762046814
0.5636146068572998
0.5552486181259155
0.47619903087615967
0.49886995553970337
0.7835646867752075
0.8848798274993896
0.8021107912063599
0.8674817681312561
0.3620026707649231
0.9259693026542664
1.225416660308838
1.4790483713150024
1.5029524564743042
1.4740021228790283
1.1732473373413086
1.4541234970092773
1.2471369504928589
1.1921091079711914
1.3104251623153687
1.4065228700637817
1.3326650857925415
1.3880149126052856
1.442231297492981
1.16475248336792
1.1549510955810547
1.195854663848877
1.1399290561676025
1.152094841003418
1.352881908416748
1.1639552116394043
1.376518964767456
1.402137279510498
1.3052810430526733
1.3779478073120117
1.3296616077423096
1.3764058351516724
1.382346510887146
1.4730695486068726
1.3903050422668457
1.3738495111465454
1.302913784980774
1.0740782022476196
1.2398688793182373
1.12098228931427
1.3487452268600464
1.447213053703308
1.4175431728363037
1.289427399635315
1.091318964958191
1.2622268199920654
1.2073918581008911
1.2065266370773315
1.198768138885498
1.1435527801513672
1.3411784172058105
1.1606833934783936
1.3883976936340332
1.2086400985717773
1.2126747369766235
1.3660646677017212
