0.05248488858342171
0.054096415638923645
-0.049663957208395004
-0.031584661453962326
-0.10849255323410034
0.05270528793334961
-0.2705690860748291
0.0869305282831192
-0.18960809707641602
0.18704132735729218
-0.07850785553455353
-0.14978519082069397
0.21550598740577698
-0.018377214670181274
-0.1517273634672165
-0.1481461077928543
0.11759702861309052
0.10127565264701843
-0.01998470164835453
0.08951965719461441
-0.06372535228729248
-0.17020852863788605
0.29780715703964233
-0.29558873176574707
0.011707579717040062
0.15060271322727203
-0.2579788565635681
0.04923783615231514
-0.016941964626312256
0.3053836226463318
-0.2799699306488037
-0.010159622877836227
-0.04464738816022873
-0.05105782672762871
0.12881624698638916
-0.024479437619447708
0.15962837636470795
0.26219117641448975
-0.2506045997142792
0.16836974024772644
-0.1490900218486786
0.18995925784111023
-0.1305324286222458
-0.3137308955192566
-0.029702188447117805
0.2125137895345688
-0.09989474713802338
-0.053997885435819626
-0.03593101352453232
0.3665616512298584
0.09247691184282303
-0.270316481590271
0.128182053565979
-0.249406099319458
0.24629050493240356
-0.1386536806821823
-0.17055439949035645
-0.0006512891268357635
-0.03447786346077919
-0.03312081843614578
-0.15760858356952667
-0.046689726412296295
-0.059201087802648544
-0.05823131278157234
0.012690991163253784
0.12143095582723618
0.35004156827926636
0.001961074536666274
0.287886381149292
0.25540947914123535
-0.05183026194572449
-0.13303162157535553
0.10360077023506165
-0.15876998007297516
0.07109517604112625
0.018400492146611214
-0.039685267955064774
-0.04501243308186531
0.06866298615932465
0.007204097229987383
-0.23551686108112335
0.14285464584827423
0.010595986619591713
-0.03578789904713631
0.15281926095485687
-0.31429171562194824
0.17444413900375366
-0.1268969625234604
-0.149215966463089
-0.14136497676372528
-0.03709036111831665
0.09334543347358704
0.08771484345197678
0.015748821198940277
-0.14320947229862213
-0.05394922196865082
-0.23019464313983917
0.012254826724529266
-0.0034627970308065414
-0.059612102806568146
0.07766955345869064
0.04968591034412384
-0.005558746866881847
-0.04306836053729057
-0.07051074504852295
0.07165279239416122
-0.2574020028114319
0.06611603498458862
-0.20388776063919067
0.14575350284576416
-0.019756510853767395
-0.16540305316448212
0.20159925520420074
-0.028079207986593246
-0.14696727693080902
-0.1516425460577011
0.10687737911939621
0.12654154002666473
-0.014365735463798046
0.1259695291519165
-0.023557910695672035
-0.15328212082386017
0.2912413477897644
-0.2688775062561035
-0.02124365046620369
0.13990674912929535
-0.18795110285282135
0.04298173263669014
-0.006255231332033873
0.3117706775665283
-0.24610382318496704
-0.015795135870575905
-0.03840882331132889
-0.02514832094311714
0.10639237612485886
-0.03654443472623825
0.14618897438049316
0.28335872292518616
-0.24138052761554718
0.21767033636569977
-0.13171176612377167
0.18590711057186127
-0.18753087520599365
-0.2953222095966339
-0.03511575981974602
0.2137344777584076
-0.06110262870788574
-0.09494881331920624
-0.017771799117326736
0.28080251812934875
0.0632706880569458
-0.27214542031288147
0.14671018719673157
-0.23031458258628845
0.20072148740291595
-0.09656389057636261
-0.17279928922653198
-0.052083466202020645
-0.03786495700478554
-0.03167523816227913
-0.1602482795715332
-0.08684419095516205
-0.07202558219432831
-0.051067691296339035
-0.018062926828861237
0.1296352744102478
0.32522064447402954
-0.0049513052217662334
0.30370691418647766
0.2262195646762848
-0.0094748018309474
-0.1387963443994522
0.09104901552200317
-0.159292533993721
0.10087179392576218
0.005148956552147865
-0.041144996881484985
-0.037403084337711334
0.06017317622900009
-0.02132587693631649
-0.2524907886981964
0.10671764612197876
0.04719004034996033
-0.05628366395831108
0.1464177668094635
-0.3769199252128601
0.1941065639257431
-0.12718991935253143
-0.11270146816968918
-0.16229985654354095
-0.019431255757808685
0.07696043699979782
0.11654579639434814
0.01611144095659256
-0.13113419711589813
-0.054918158799409866
-0.1978662759065628
0.005083916708827019
-0.010020649991929531
-0.016708679497241974
0.06002017855644226
0.06012210622429848
-0.0010858464520424604
-0.03016260825097561
-0.06835035979747772
0.09073755145072937
-0.25007808208465576
0.07257113605737686
-0.20033381879329681
0.16379286348819733
-0.03653809800744057
-0.1589726209640503
0.18720480799674988
-0.044823214411735535
-0.14216652512550354
-0.14381644129753113
0.11163593828678131
0.11268685013055801
-0.005951549857854843
0.13411307334899902
-0.04036682844161987
-0.13121135532855988
0.29093363881111145
-0.2893140912055969
-0.02407851070165634
0.1281520426273346
-0.17191509902477264
0.04156230390071869
0.00385174504481256
0.31239455938339233
-0.23689328134059906
-0.03484174609184265
-0.06636736541986465
-0.004664327949285507
0.10965681076049805
-0.017391612753272057
0.1454642415046692
0.29464781284332275
-0.22197012603282928
0.2117341160774231
-0.12578734755516052
0.16537752747535706
-0.16140824556350708
-0.2961859703063965
-0.03230194374918938
0.21362262964248657
-0.07309696823358536
-0.13096235692501068
-0.03261800855398178
0.28133437037467957
0.061332568526268005
-0.25800207257270813
0.13885611295700073
-0.23837651312351227
0.20794637501239777
-0.1055317297577858
-0.17992348968982697
-0.060857899487018585
-0.04158727824687958
-0.032328009605407715
-0.15957430005073547
-0.09108056128025055
-0.06337194889783859
-0.054220568388700485
-0.018669962882995605
0.1396813839673996
0.3244462311267853
0.009845318272709846
0.2946913540363312
0.2319885641336441
-0.019396262243390083
-0.13337203860282898
0.09572725743055344
-0.15522396564483643
0.10050363838672638
0.024491703137755394
-0.0408642403781414
-0.02713882364332676
0.06442586332559586
-0.014978318475186825
-0.26025840640068054
0.12131544947624207
0.05358559265732765
-0.0363696850836277
0.15415365993976593
-0.37513771653175354
0.19984115660190582
-0.134294793009758
-0.10590027272701263
-0.1734042465686798
-0.02034185267984867
0.06874559074640274
0.09753023087978363
0.018172701820731163
-0.13029056787490845
-0.05527700111269951
-0.19883400201797485
0.007179132662713528
0.0007304763421416283
-0.029647719115018845
0.05867977440357208
0.080882728099823
0.03588084131479263
-0.04320033639669418
-0.0812077671289444
0.05655289068818092
-0.23866412043571472
0.07859749346971512
-0.21038372814655304
0.1685710847377777
-0.054498039186000824
-0.18222765624523163
0.1900096833705902
-0.010433832183480263
-0.13835477828979492
-0.1412145495414734
0.10896993428468704
0.14168226718902588
0.002604835666716099
0.1476821005344391
-0.05013000965118408
-0.13492849469184875
0.27690646052360535
-0.2842819094657898
-0.04086309298872948
0.09994781017303467
-0.1760631501674652
0.051558565348386765
-0.008743456564843655
0.2934873700141907
-0.2457537204027176
-0.01176680251955986
-0.07205898314714432
0.0021125192288309336
0.11498423665761948
-0.02937242016196251
0.13633763790130615
0.2800895869731903
-0.22033579647541046
0.22251200675964355
-0.14782652258872986
0.17123925685882568
-0.19739829003810883
-0.303048700094223
-0.029886921867728233
0.23893381655216217
-0.0602945052087307
-0.12133604288101196
-0.04898577556014061
0.2946135997772217
0.06903383135795593
-0.26354122161865234
0.15207508206367493
-0.23736558854579926
0.1867574006319046
-0.09377136081457138
-0.16574379801750183
-0.06866545230150223
-0.033455874770879745
-0.027379631996154785
-0.1583474576473236
-0.08229342848062515
-0.04367007687687874
-0.040067922323942184
-0.02107051946222782
0.11723945289850235
0.32821741700172424
0.0030191726982593536
0.3054240643978119
0.24112258851528168
-0.01249556615948677
-0.13315626978874207
0.08738226443529129
-0.16951002180576324
0.11131761968135834
0.04697856679558754
-0.04664117842912674
0.0003926949284505099
0.06399574875831604
-0.010705566965043545
-0.2500666081905365
0.11619895696640015
0.049267061054706573
-0.030855948105454445
0.1406681090593338
-0.36606696248054504
0.1801195591688156
-0.13181151449680328
-0.1121315285563469
-0.17002959549427032
-0.012783505953848362
0.07050091028213501
0.09117915481328964
0.01806144043803215
-0.09504297375679016
-0.06171893700957298
-0.17711305618286133
0.004264004994183779
0.0030197028536349535
-0.011914082802832127
0.05215974897146225
0.055511459708213806
-0.05250733345746994
-0.03314860165119171
-0.10321635007858276
0.048593975603580475
-0.26944661140441895
0.0847407802939415
-0.19508379697799683
0.1807081699371338
-0.07029344886541367
-0.14716698229312897
0.22067265212535858
-0.02924688532948494
-0.156141996383667
-0.15471714735031128
0.12243601679801941
0.0990394800901413
-0.015792962163686752
0.09740608930587769
-0.0499829426407814
-0.16636820137500763
0.30468302965164185
-0.2987098693847656
0.0044436207972466946
0.14871719479560852
-0.2666764557361603
0.05035119876265526
-0.016793280839920044
0.30100709199905396
-0.28004634380340576
-0.017155956476926804
-0.042808692902326584
-0.04988795518875122
0.12381155788898468
-0.02438139170408249
0.16400103271007538
0.25842994451522827
-0.24585774540901184
0.16977426409721375
-0.14436404407024384
0.18568912148475647
-0.1254776418209076
-0.30229273438453674
-0.037256620824337006
0.21493420004844666
-0.10071314871311188
-0.05972539260983467
-0.0370834618806839
0.37687626481056213
0.0952363982796669
-0.2650856077671051
0.1083458960056305
-0.24717025458812714
0.22876103222370148
-0.13639244437217712
-0.17318539321422577
0.001859045121818781
-0.03497300669550896
-0.03255176916718483
-0.1567576676607132
-0.04333874210715294
-0.06490448862314224
-0.05770894140005112
0.012236128561198711
0.12872499227523804
0.3383524715900421
0.008953616954386234
0.2859022319316864
0.26376309990882874
-0.052094507962465286
-0.13045457005500793
0.10366355627775192
-0.1466410905122757
0.06903450191020966
0.01748121716082096
-0.041824646294116974
-0.04200834408402443
0.04816005006432533
0.011083336547017097
-0.23238638043403625
0.14671632647514343
0.02176322229206562
-0.031280629336833954
0.15127353370189667
-0.3261742889881134
0.16959424316883087
-0.12206583470106125
-0.1569426953792572
-0.1320393681526184
-0.039908457547426224
0.09996423870325089
0.08238952606916428
0.016383396461606026
-0.1454404890537262
-0.052119962871074677
-0.2226109504699707
0.012806271202862263
0.004365865606814623
-0.06172538921236992
0.04653182625770569
0.04693213850259781
-0.04311378672719002
-0.0328204445540905
-0.10860218107700348
0.03852621465921402
-0.2650053799152374
0.07158375531435013
-0.18828947842121124
0.18726246058940887
-0.07286177575588226
-0.15531091392040253
0.2227114886045456
-0.04155191406607628
-0.1515175849199295
-0.15929681062698364
0.11384204775094986
0.08482379466295242
-0.02631715126335621
0.10496528446674347
-0.05541618913412094
-0.17296373844146729
0.2955376207828522
-0.2971992492675781
0.025099914520978928
0.1514570564031601
-0.27145782113075256
0.04958782717585564
-0.01455268356949091
0.295217365026474
-0.26701048016548157
-0.013991153798997402
-0.039935626089572906
-0.043421488255262375
0.13150781393051147
-0.02912832424044609
0.1647493988275528
0.27189570665359497
-0.2702958583831787
0.17395004630088806
-0.13793623447418213
0.19439466297626495
-0.1342642456293106
-0.3010958731174469
-0.03934874013066292
0.209572896361351
-0.09200000762939453
-0.06922708451747894
-0.03616461157798767
0.3739193081855774
0.09636509418487549
-0.2700038254261017
0.1028851568698883
-0.24571241438388824
0.24106602370738983
-0.14159879088401794
-0.16309814155101776
0.0025172398891299963
-0.04137258976697922
-0.0314071960747242
-0.15875448286533356
-0.041131775826215744
-0.06668729335069656
-0.05021103471517563
0.013976529240608215
0.12755563855171204
0.3469514548778534
0.014569979161024094
0.2827816307544708
0.2479420304298401
-0.052946947515010834
-0.14127618074417114
0.1050383672118187
-0.15675391256809235
0.07941307127475739
0.008357715792953968
-0.041239697486162186
-0.04083991423249245
0.07448607683181763
0.010422607883810997
-0.23994535207748413
0.14266474545001984
0.014838740229606628
-0.04284796118736267
0.1548420488834381
-0.32881832122802734
0.18353810906410217
-0.13094474375247955
-0.1626526266336441
-0.14190582931041718
-0.04017328843474388
0.10386620461940765
0.07401814311742783
0.015442537143826485
-0.14203613996505737
-0.05705157667398453
-0.22237363457679749
0.017107516527175903
0.007842260412871838
-0.06561379879713058
0.056693170219659805
0.05920897424221039
-0.061248451471328735
-0.030795658007264137
-0.10811255127191544
0.0587444007396698
-0.2698454260826111
0.08855664730072021
-0.19044126570224762
0.18143437802791595
-0.08039068430662155
-0.14711596071720123
0.21458838880062103
-0.02565559186041355
-0.15585799515247345
-0.15074005722999573
0.12081853300333023
0.09852468222379684
-0.01570432260632515
0.09048905223608017
-0.07085251063108444
-0.18491895496845245
0.29683154821395874
-0.29551932215690613
0.011570551432669163
0.16187109053134918
-0.25721287727355957
0.049561478197574615
-0.016912059858441353
0.29576051235198975
-0.260696142911911
-0.01755191758275032
-0.031032824888825417
-0.04184948280453682
0.1224425882101059
-0.030883317813277245
0.1695336103439331
0.2586265504360199
-0.2533322870731354
0.16840437054634094
-0.1402476727962494
0.1879356950521469
-0.1226261556148529
-0.30345672369003296
-0.03365236520767212
0.21746228635311127
-0.10768625885248184
-0.06269096583127975
-0.04304463416337967
0.38648611307144165
0.09753265231847763
-0.2589024305343628
0.12549057602882385
-0.24422642588615417
0.23918373882770538
-0.13834978640079498
-0.17275230586528778
-0.0007177344523370266
-0.043806418776512146
-0.03339313715696335
-0.15411187708377838
-0.03801345452666283
-0.05261792242527008
-0.05389479175209999
0.025003205984830856
0.12286628037691116
0.34119266271591187
0.0073183937929570675
0.28879210352897644
0.2637847363948822
-0.06279830634593964
-0.13964569568634033
0.1059020534157753
-0.1455056071281433
0.06996876001358032
0.013091246597468853
-0.030412064865231514
-0.03883327543735504
0.06829135119915009
0.016323208808898926
-0.2351829558610916
0.1324307918548584
0.0266767255961895
-0.040681127458810806
0.16156664490699768
-0.3304234743118286
0.167397141456604
-0.12589780986309052
-0.1646180897951126
-0.14345984160900116
-0.03654637932777405
0.097239188849926
0.08768600225448608
0.017405474558472633
-0.1391538381576538
-0.04695498198270798
-0.22631825506687164
0.0068036331795156
-0.007719234563410282
-0.06434580683708191
0.7762082815170288
0.3465896546840668
0.7205690741539001
0.6914840340614319
0.576577365398407
0.566506564617157
0.15960276126861572
0.5000899434089661
0.6914656758308411
0.5136038661003113
0.5698596835136414
0.08148296177387238
0.3009844124317169
0.7859858870506287
0.21855606138706207
0.39353469014167786
0.6292716860771179
0.6928496360778809
0.2254975587129593
0.4169941842556
0.709259033203125
0.6462582945823669
0.5545858144760132
0.6506681442260742
0.6506509184837341
0.660066545009613
0.8528010845184326
0.28929272294044495
0.49186843633651733
0.4913906455039978
0.5896316766738892
0.1546332836151123
0.6415298581123352
0.7116288542747498
0.22544455528259277
0.6488179564476013
0.6090553402900696
0.25186029076576233
0.5517667531967163
0.6385776400566101
0.6020404100418091
0.5579084157943726
0.7765271067619324
0.20186887681484222
0.5331235527992249
0.38062962889671326
0.7690726518630981
0.45449429750442505
0.7693796157836914
0.5893314480781555
-0.011173475533723831
-0.21865397691726685
-0.19490903615951538
0.0655827522277832
-0.20063425600528717
0.0009399538394063711
0.4665307104587555
0.20918144285678864
0.21949513256549835
0.029802346602082253
-0.02005697414278984
-0.16545931994915009
0.10149217396974564
0.13525214791297913
0.10671385377645493
-0.058510392904281616
0.16991710662841797
0.05442079156637192
0.02381351962685585
0.4210624098777771
-0.13721980154514313
-0.05278535559773445
-0.07304418087005615
0.12255147844552994
0.12916047871112823
0.08547467738389969
0.22685617208480835
-0.11939168721437454
-0.09170916676521301
0.050206564366817474
-0.042447663843631744
0.08871343731880188
-0.17031008005142212
-0.023311518132686615
0.24626971781253815
-0.297800749540329
-0.11625251919031143
-0.19811813533306122
0.30445626378059387
0.2176121324300766
-0.07300100475549698
-0.0001626121229492128
0.11651526391506195
-0.11694873869419098
0.05575380101799965
-0.12742486596107483
-0.02860848605632782
0.12668119370937347
-0.03319784626364708
-0.21035845577716827
